31/05/2026 10:02:11
-2904040

30/05/2026 09:50:21
-1536120
-3263400
-3711170
-3936730
-4452480
-4517200
-4581640

28/05/2026 22:59:14
-265670
-3367520
-3678970
-3695440
-4111370
-4186810
-4403340
-4719930

28/05/2026 09:45:38
-1116050
-2090390
-3524780
-3916260
-4135750
-4179020
-4264260
-4667740
-4697120

27/05/2026 22:48:32
-2261430
-3210910
-4178920

27/05/2026 10:00:48
-3009300
-3768760

26/05/2026 09:53:04
-1118520
-2477770
-2706030
-3069050
-3143570
-3151760
-3344930
-3935260
-4131510
-4646160

25/05/2026 22:27:34
-1933000

25/05/2026 10:01:11
-2366100
-3237970
-4124910
-4175330

24/05/2026 09:54:48
-1515220
-2111550
-2271030
-3126340
-3174500
-4177730
-4404820
-4502770
-4535380

23/05/2026 09:48:19
-2199080
-3507360
-3585520
-4179280
-4528830
-4698780
-4699760

22/05/2026 22:08:58
-2863680

22/05/2026 09:57:21
-2532480
-3508150
-3607440
-4012840
-4551040

21/05/2026 09:56:04
-2109620
-2605790
-2661470
-3123540
-3650490
-4241840
-4338560
-957780

20/05/2026 09:57:01
-2215200
-2383130
-2712480
-3421660
-3542380
-3690260
-3690270
-4088380
-4144830
-4165620
-4307260
-4337900
-4445060
-4691090

19/05/2026 22:27:37
-2295940
-2397510
-2820850
-3907760
-4653570

18/05/2026 09:57:10
-3440320
-3801270
-4359120
-4402910
-4599890
-4631010
-4687910
